-2.500000000000000000e+00 -5.348676434890142078e-02
-2.142857142857142794e+00 -3.921009316881211848e-02
-1.785714285714285587e+00 7.994763819403002958e-02
-1.428571428571428603e+00 1.702797030242076681e-01
-1.071428571428571397e+00 2.906692511108009414e-01
-7.142857142857141906e-01 6.288704822768229619e-01
-3.571428571428572063e-01 9.022974764544394732e-01
0.000000000000000000e+00 9.784480074396139093e-01
3.571428571428572063e-01 8.695387143401676067e-01
7.142857142857144126e-01 6.247796393466495957e-01
1.071428571428571619e+00 3.113284114379389345e-01
1.428571428571428825e+00 1.532350770988217814e-01
1.785714285714285587e+00 5.859263883506839188e-02
2.142857142857143238e+00 6.065564187455663170e-02
2.500000000000000000e+00 -2.177146347114238684e-02
