# x-values, y-values 
0.00, 0.98
0.10, 0.99
0.20, 0.44
0.30, 1.54
0.40, 1.20
0.51, 1.48
0.61, 2.18
0.71, 1.70
0.81, 1.81
0.91, 1.89
1.01, 2.41
1.11, 2.70
1.21, 2.49
1.31, 2.88
1.41, 2.84
1.52, 3.09
1.62, 3.33
1.72, 3.54
1.82, 4.42
1.92, 4.53
2.02, 4.13
2.12, 4.71
2.22, 4.75
2.32, 4.38
2.42, 4.42
2.53, 4.32
2.63, 4.12
2.73, 4.47
2.83, 4.76
2.93, 4.97
3.03, 4.03
3.13, 4.15
3.23, 4.89
3.33, 4.48
3.43, 4.76
3.54, 4.91
3.64, 4.89
3.74, 4.43
3.84, 4.72
3.94, 4.36
4.04, 4.16
4.14, 4.75
4.24, 4.00
4.34, 4.29
4.44, 4.84
4.55, 4.87
4.65, 4.97
4.75, 4.17
4.85, 4.71
4.95, 4.37
5.05, 4.41
5.15, 4.63
5.25, 4.96
5.35, 4.64
5.45, 4.44
5.56, 4.36
5.66, 4.54
5.76, 4.35
5.86, 4.48
5.96, 4.78
6.06, 4.97
6.16, 4.94
6.26, 4.56
6.36, 4.28
6.46, 4.84
6.57, 4.41
6.67, 4.11
6.77, 4.63
6.87, 4.43
6.97, 4.30
7.07, 4.56
7.17, 4.74
7.27, 4.87
7.37, 4.31
7.47, 4.21
7.58, 4.67
7.68, 4.53
7.78, 4.89
7.88, 4.26
7.98, 4.27
8.08, 4.32
8.18, 4.71
8.28, 4.90
8.38, 4.45
8.48, 4.07
8.59, 4.01
8.69, 4.09
8.79, 4.31
8.89, 4.67
8.99, 4.98
9.09, 4.53
9.19, 4.83
9.29, 4.78
9.39, 4.94
9.49, 4.54
9.60, 4.02
9.70, 4.07
9.80, 4.40
9.90, 4.47
10.00, 4.83
