# x-values, y-values 
0.00, 0.83
0.10, 0.48
0.20, 0.57
0.30, 1.12
0.40, 1.30
0.51, 0.83
0.61, 0.88
0.71, 1.69
0.81, 1.65
0.91, 1.73
1.01, 1.15
1.11, 1.26
1.21, 1.59
1.31, 1.77
1.41, 1.07
1.52, 1.55
1.62, 1.60
1.72, 1.50
1.82, 1.91
1.92, 1.98
2.02, 1.85
2.12, 1.19
2.22, 1.10
2.32, 1.82
2.42, 1.63
2.53, 1.07
2.63, 1.26
2.73, 1.93
2.83, 1.11
2.93, 1.13
3.03, 1.65
3.13, 1.67
3.23, 1.92
3.33, 1.46
3.43, 1.27
3.54, 1.77
3.64, 1.65
3.74, 1.59
3.84, 1.10
3.94, 1.75
4.04, 1.14
4.14, 1.76
4.24, 1.58
4.34, 1.05
4.44, 1.09
4.55, 1.45
4.65, 1.51
4.75, 1.36
4.85, 1.21
4.95, 1.70
5.05, 1.41
5.15, 1.34
5.25, 1.60
5.35, 1.59
5.45, 1.19
5.56, 1.26
5.66, 1.99
5.76, 1.42
5.86, 1.70
5.96, 1.65
6.06, 1.53
6.16, 1.54
6.26, 1.20
6.36, 1.47
6.46, 1.90
6.57, 1.75
6.67, 1.34
6.77, 1.70
6.87, 1.94
6.97, 1.09
7.07, 1.64
7.17, 1.83
7.27, 1.51
7.37, 1.64
7.47, 1.35
7.58, 1.37
7.68, 1.75
7.78, 1.03
7.88, 1.21
7.98, 1.54
8.08, 1.39
8.18, 1.64
8.28, 1.16
8.38, 1.31
8.48, 1.48
8.59, 1.33
8.69, 1.73
8.79, 1.72
8.89, 1.09
8.99, 1.03
9.09, 1.11
9.19, 1.70
9.29, 1.41
9.39, 1.33
9.49, 1.69
9.60, 1.84
9.70, 1.58
9.80, 1.73
9.90, 1.31
10.00, 1.98
