# x-values, y-values 
0.00, 0.17
0.10, 1.26
0.20, 1.46
0.30, 1.02
0.40, 1.86
0.51, 2.33
0.61, 2.18
0.71, 2.83
0.81, 3.10
0.91, 3.69
1.01, 3.43
1.11, 3.34
1.21, 3.94
1.31, 4.23
1.41, 4.30
1.52, 4.75
1.62, 5.22
1.72, 5.29
1.82, 6.08
1.92, 5.89
2.02, 6.32
2.12, 6.37
2.22, 6.73
2.32, 6.50
2.42, 6.91
2.53, 6.60
2.63, 6.02
2.73, 6.24
2.83, 6.52
2.93, 6.11
3.03, 6.86
3.13, 6.06
3.23, 6.09
3.33, 6.47
3.43, 6.92
3.54, 6.10
3.64, 6.66
3.74, 6.65
3.84, 6.92
3.94, 6.59
4.04, 6.90
4.14, 6.92
4.24, 6.19
4.34, 6.42
4.44, 6.09
4.55, 6.65
4.65, 6.55
4.75, 6.38
4.85, 6.83
4.95, 6.20
5.05, 6.17
5.15, 6.89
5.25, 6.36
5.35, 6.14
5.45, 6.99
5.56, 6.19
5.66, 6.14
5.76, 6.04
5.86, 6.11
5.96, 6.33
6.06, 6.67
6.16, 6.45
6.26, 6.21
6.36, 6.64
6.46, 6.47
6.57, 6.75
6.67, 6.44
6.77, 6.11
6.87, 6.59
6.97, 6.16
7.07, 6.70
7.17, 6.62
7.27, 6.09
7.37, 6.17
7.47, 6.13
7.58, 6.45
7.68, 6.46
7.78, 6.04
7.88, 6.36
7.98, 6.92
8.08, 6.72
8.18, 6.26
8.28, 6.32
8.38, 6.61
8.48, 6.05
8.59, 6.62
8.69, 6.34
8.79, 6.44
8.89, 6.68
8.99, 6.89
9.09, 6.71
9.19, 6.38
9.29, 6.43
9.39, 6.26
9.49, 6.66
9.60, 6.19
9.70, 6.08
9.80, 6.89
9.90, 6.77
10.00, 6.28
