# x-values, y-values 
0.00, 0.17
0.10, 0.41
0.20, 0.71
0.30, 1.09
0.40, 2.19
0.51, 2.05
0.61, 2.60
0.71, 2.20
0.81, 2.89
0.91, 2.78
1.01, 3.27
1.11, 3.90
1.21, 4.00
1.31, 4.18
1.41, 4.40
1.52, 5.47
1.62, 5.17
1.72, 5.66
1.82, 5.83
1.92, 6.18
2.02, 6.10
2.12, 6.81
2.22, 6.17
2.32, 6.58
2.42, 6.81
2.53, 6.31
2.63, 6.79
2.73, 6.01
2.83, 6.80
2.93, 6.65
3.03, 7.00
3.13, 6.32
3.23, 6.50
3.33, 6.22
3.43, 6.55
3.54, 6.70
3.64, 6.49
3.74, 6.63
3.84, 6.23
3.94, 6.15
4.04, 6.93
4.14, 6.35
4.24, 6.17
4.34, 6.70
4.44, 6.32
4.55, 6.59
4.65, 6.00
4.75, 6.50
4.85, 6.05
4.95, 6.33
5.05, 6.21
5.15, 6.58
5.25, 6.83
5.35, 6.25
5.45, 6.89
5.56, 6.78
5.66, 6.31
5.76, 6.54
5.86, 6.21
5.96, 6.87
6.06, 6.41
6.16, 6.05
6.26, 6.66
6.36, 6.24
6.46, 6.23
6.57, 6.64
6.67, 6.13
6.77, 6.19
6.87, 6.56
6.97, 6.37
7.07, 6.70
7.17, 6.09
7.27, 6.32
7.37, 6.03
7.47, 6.96
7.58, 6.67
7.68, 6.64
7.78, 6.46
7.88, 6.91
7.98, 6.70
8.08, 6.10
8.18, 6.86
8.28, 6.96
8.38, 6.38
8.48, 6.46
8.59, 6.82
8.69, 6.34
8.79, 6.51
8.89, 6.39
8.99, 6.21
9.09, 6.44
9.19, 6.57
9.29, 6.08
9.39, 6.45
9.49, 6.71
9.60, 6.09
9.70, 6.88
9.80, 6.26
9.90, 6.59
10.00, 6.05
