# x-values, y-values 
0.00, 0.04
0.10, 0.78
0.20, 1.60
0.30, 1.74
0.40, 2.13
0.51, 2.84
0.61, 3.72
0.71, 3.72
0.81, 5.04
0.91, 5.43
1.01, 5.97
1.11, 6.26
1.21, 6.60
1.31, 7.27
1.41, 7.17
1.52, 8.44
1.62, 9.00
1.72, 8.85
1.82, 9.92
1.92, 9.65
2.02, 10.87
2.12, 10.75
2.22, 11.30
2.32, 12.52
2.42, 12.30
2.53, 13.21
2.63, 13.39
2.73, 14.00
2.83, 14.14
2.93, 15.58
3.03, 15.04
3.13, 15.36
3.23, 15.90
3.33, 15.99
3.43, 15.87
3.54, 15.66
3.64, 15.05
3.74, 15.25
3.84, 15.81
3.94, 16.00
4.04, 15.65
4.14, 15.25
4.24, 15.98
4.34, 15.43
4.44, 15.51
4.55, 15.68
4.65, 15.97
4.75, 15.88
4.85, 15.41
4.95, 15.72
5.05, 15.62
5.15, 15.51
5.25, 15.00
5.35, 15.57
5.45, 15.75
5.56, 15.70
5.66, 15.12
5.76, 15.44
5.86, 15.91
5.96, 15.95
6.06, 15.33
6.16, 15.85
6.26, 15.83
6.36, 15.85
6.46, 15.57
6.57, 15.14
6.67, 15.27
6.77, 15.57
6.87, 15.94
6.97, 15.27
7.07, 15.85
7.17, 15.56
7.27, 15.26
7.37, 15.47
7.47, 15.88
7.58, 15.82
7.68, 15.69
7.78, 15.97
7.88, 15.99
7.98, 15.49
8.08, 15.90
8.18, 15.96
8.28, 15.60
8.38, 15.45
8.48, 15.80
8.59, 15.66
8.69, 15.76
8.79, 15.81
8.89, 15.13
8.99, 15.27
9.09, 15.27
9.19, 15.28
9.29, 15.08
9.39, 15.13
9.49, 15.18
9.60, 15.22
9.70, 15.75
9.80, 15.02
9.90, 15.50
10.00, 15.52
