# x-values, y-values 
0.00, 0.79
0.10, 0.35
0.20, 0.77
0.30, 1.02
0.40, 1.14
0.51, 1.08
0.61, 1.43
0.71, 2.30
0.81, 2.26
0.91, 2.14
1.01, 2.81
1.11, 2.66
1.21, 2.56
1.31, 2.81
1.41, 2.90
1.52, 3.49
1.62, 3.33
1.72, 4.33
1.82, 4.55
1.92, 4.36
2.02, 4.14
2.12, 4.93
2.22, 4.48
2.32, 5.23
2.42, 5.08
2.53, 5.89
2.63, 5.63
2.73, 5.56
2.83, 5.73
2.93, 6.83
3.03, 6.01
3.13, 6.65
3.23, 6.57
3.33, 6.62
3.43, 6.84
3.54, 6.22
3.64, 6.91
3.74, 6.04
3.84, 6.89
3.94, 6.28
4.04, 6.55
4.14, 6.09
4.24, 6.24
4.34, 6.66
4.44, 6.62
4.55, 6.87
4.65, 6.23
4.75, 6.63
4.85, 6.65
4.95, 6.98
5.05, 6.58
5.15, 6.77
5.25, 6.86
5.35, 6.70
5.45, 6.09
5.56, 6.44
5.66, 6.11
5.76, 6.45
5.86, 6.82
5.96, 6.55
6.06, 6.96
6.16, 6.92
6.26, 6.56
6.36, 6.73
6.46, 6.35
6.57, 6.85
6.67, 6.03
6.77, 6.02
6.87, 6.55
6.97, 6.86
7.07, 6.53
7.17, 6.03
7.27, 6.37
7.37, 6.06
7.47, 6.65
7.58, 6.58
7.68, 6.30
7.78, 6.98
7.88, 6.20
7.98, 6.12
8.08, 6.24
8.18, 6.39
8.28, 6.94
8.38, 6.40
8.48, 6.67
8.59, 6.71
8.69, 6.71
8.79, 6.85
8.89, 6.80
8.99, 6.76
9.09, 6.38
9.19, 6.79
9.29, 6.64
9.39, 6.89
9.49, 6.16
9.60, 6.18
9.70, 6.29
9.80, 6.31
9.90, 6.59
10.00, 6.66
