# x-values, y-values 
0.00, 0.05
0.10, 0.45
0.20, 0.73
0.30, 1.27
0.40, 1.34
0.51, 2.21
0.61, 2.01
0.71, 2.25
0.81, 3.07
0.91, 2.81
1.01, 3.56
1.11, 4.17
1.21, 4.32
1.31, 4.00
1.41, 5.08
1.52, 4.66
1.62, 5.78
1.72, 5.89
1.82, 6.44
1.92, 6.23
2.02, 6.99
2.12, 7.24
2.22, 7.26
2.32, 7.73
2.42, 7.52
2.53, 7.58
2.63, 8.33
2.73, 8.21
2.83, 9.10
2.93, 8.87
3.03, 9.29
3.13, 9.63
3.23, 9.74
3.33, 9.21
3.43, 9.53
3.54, 9.85
3.64, 9.93
3.74, 9.27
3.84, 9.25
3.94, 9.24
4.04, 9.35
4.14, 9.91
4.24, 9.40
4.34, 9.25
4.44, 9.08
4.55, 9.02
4.65, 9.19
4.75, 9.95
4.85, 9.39
4.95, 9.80
5.05, 9.73
5.15, 9.14
5.25, 9.19
5.35, 9.70
5.45, 9.07
5.56, 9.05
5.66, 9.44
5.76, 9.07
5.86, 9.30
5.96, 9.50
6.06, 9.12
6.16, 9.50
6.26, 9.56
6.36, 9.56
6.46, 9.93
6.57, 9.09
6.67, 9.61
6.77, 9.74
6.87, 9.75
6.97, 9.40
7.07, 9.14
7.17, 9.70
7.27, 9.81
7.37, 9.93
7.47, 9.08
7.58, 9.24
7.68, 9.18
7.78, 9.34
7.88, 9.61
7.98, 9.89
8.08, 9.38
8.18, 9.49
8.28, 9.40
8.38, 9.75
8.48, 9.40
8.59, 9.09
8.69, 9.20
8.79, 9.48
8.89, 9.41
8.99, 9.76
9.09, 9.79
9.19, 9.43
9.29, 9.74
9.39, 9.55
9.49, 9.09
9.60, 9.59
9.70, 9.36
9.80, 9.53
9.90, 9.71
10.00, 9.09
