# x-values, y-values 
0.00, 0.44
0.10, 1.26
0.20, 1.64
0.30, 2.01
0.40, 2.58
0.51, 2.18
0.61, 2.73
0.71, 3.40
0.81, 3.30
0.91, 4.55
1.01, 4.36
1.11, 4.81
1.21, 5.38
1.31, 5.87
1.41, 6.46
1.52, 6.59
1.62, 7.11
1.72, 7.43
1.82, 7.97
1.92, 8.67
2.02, 8.25
2.12, 8.86
2.22, 8.68
2.32, 8.31
2.42, 8.89
2.53, 8.37
2.63, 8.70
2.73, 8.12
2.83, 8.74
2.93, 8.70
3.03, 8.66
3.13, 8.21
3.23, 8.94
3.33, 8.31
3.43, 8.44
3.54, 8.40
3.64, 8.41
3.74, 8.66
3.84, 8.07
3.94, 8.99
4.04, 8.33
4.14, 8.45
4.24, 8.92
4.34, 8.07
4.44, 8.97
4.55, 8.54
4.65, 8.63
4.75, 8.10
4.85, 8.48
4.95, 8.23
5.05, 8.26
5.15, 8.95
5.25, 8.90
5.35, 8.49
5.45, 8.11
5.56, 8.58
5.66, 8.46
5.76, 8.50
5.86, 8.09
5.96, 8.84
6.06, 8.39
6.16, 8.14
6.26, 8.82
6.36, 8.75
6.46, 8.34
6.57, 8.56
6.67, 8.74
6.77, 8.38
6.87, 8.08
6.97, 8.16
7.07, 8.48
7.17, 8.29
7.27, 8.86
7.37, 8.40
7.47, 8.51
7.58, 8.35
7.68, 8.14
7.78, 8.45
7.88, 8.14
7.98, 8.43
8.08, 8.71
8.18, 8.36
8.28, 8.77
8.38, 8.91
8.48, 8.52
8.59, 8.78
8.69, 8.19
8.79, 8.09
8.89, 8.15
8.99, 8.09
9.09, 8.86
9.19, 8.13
9.29, 8.09
9.39, 8.82
9.49, 8.28
9.60, 8.43
9.70, 8.68
9.80, 8.19
9.90, 8.05
10.00, 8.58
