# x-values, y-values 
0.00, 0.00
0.10, 0.78
0.20, 1.63
0.30, 2.04
0.40, 2.51
0.51, 2.99
0.61, 3.25
0.71, 3.12
0.81, 3.45
0.91, 3.98
1.01, 4.76
1.11, 4.84
1.21, 4.93
1.31, 5.46
1.41, 6.01
1.52, 6.76
1.62, 7.06
1.72, 7.34
1.82, 7.47
1.92, 8.09
2.02, 8.21
2.12, 8.61
2.22, 9.59
2.32, 10.23
2.42, 10.14
2.53, 10.66
2.63, 10.91
2.73, 11.86
2.83, 11.46
2.93, 12.58
3.03, 12.30
3.13, 12.98
3.23, 12.61
3.33, 12.28
3.43, 12.32
3.54, 12.49
3.64, 12.92
3.74, 12.25
3.84, 12.48
3.94, 12.71
4.04, 12.33
4.14, 12.40
4.24, 12.08
4.34, 12.70
4.44, 12.88
4.55, 12.17
4.65, 12.24
4.75, 12.75
4.85, 12.01
4.95, 12.41
5.05, 12.13
5.15, 12.49
5.25, 12.43
5.35, 12.64
5.45, 12.80
5.56, 12.48
5.66, 12.26
5.76, 12.89
5.86, 12.76
5.96, 12.09
6.06, 12.97
6.16, 12.69
6.26, 12.89
6.36, 12.38
6.46, 12.21
6.57, 12.30
6.67, 12.49
6.77, 12.34
6.87, 12.35
6.97, 12.22
7.07, 12.28
7.17, 12.61
7.27, 12.45
7.37, 12.53
7.47, 12.78
7.58, 12.89
7.68, 12.84
7.78, 12.98
7.88, 12.58
7.98, 12.16
8.08, 12.12
8.18, 12.01
8.28, 12.43
8.38, 12.92
8.48, 12.36
8.59, 12.47
8.69, 12.78
8.79, 12.35
8.89, 12.82
8.99, 12.92
9.09, 12.18
9.19, 12.21
9.29, 12.30
9.39, 12.74
9.49, 12.95
9.60, 12.02
9.70, 12.57
9.80, 12.55
9.90, 12.40
10.00, 12.67
