# x-values, y-values 
0.00, 0.40
0.10, 0.53
0.20, 0.61
0.30, 1.84
0.40, 1.38
0.51, 2.31
0.61, 2.13
0.71, 2.28
0.81, 2.69
0.91, 2.91
1.01, 3.13
1.11, 4.17
1.21, 4.07
1.31, 4.09
1.41, 5.01
1.52, 5.02
1.62, 4.86
1.72, 5.20
1.82, 5.59
1.92, 5.88
2.02, 6.07
2.12, 6.70
2.22, 6.53
2.32, 6.48
2.42, 6.40
2.53, 6.23
2.63, 6.68
2.73, 6.97
2.83, 6.13
2.93, 6.08
3.03, 6.76
3.13, 6.23
3.23, 6.10
3.33, 6.23
3.43, 6.99
3.54, 6.87
3.64, 6.15
3.74, 6.94
3.84, 6.40
3.94, 6.62
4.04, 6.10
4.14, 6.69
4.24, 6.00
4.34, 6.14
4.44, 6.47
4.55, 6.30
4.65, 6.81
4.75, 6.42
4.85, 6.49
4.95, 6.43
5.05, 6.51
5.15, 6.80
5.25, 6.12
5.35, 6.76
5.45, 6.63
5.56, 6.67
5.66, 6.55
5.76, 6.10
5.86, 6.80
5.96, 6.49
6.06, 6.70
6.16, 6.79
6.26, 6.11
6.36, 6.55
6.46, 6.20
6.57, 6.76
6.67, 6.40
6.77, 6.33
6.87, 6.44
6.97, 6.04
7.07, 6.23
7.17, 6.29
7.27, 6.37
7.37, 6.10
7.47, 6.40
7.58, 6.83
7.68, 6.77
7.78, 6.51
7.88, 6.76
7.98, 6.38
8.08, 6.55
8.18, 6.31
8.28, 6.20
8.38, 6.94
8.48, 6.41
8.59, 6.66
8.69, 6.01
8.79, 6.80
8.89, 6.32
8.99, 6.89
9.09, 6.78
9.19, 6.92
9.29, 6.03
9.39, 6.99
9.49, 6.42
9.60, 6.06
9.70, 6.91
9.80, 6.16
9.90, 6.25
10.00, 6.45
