# x-values, y-values 
0.00, 0.31
0.10, 1.26
0.20, 1.06
0.30, 0.92
0.40, 1.26
0.51, 1.72
0.61, 2.30
0.71, 2.74
0.81, 2.80
0.91, 3.61
1.01, 3.13
1.11, 3.51
1.21, 3.43
1.31, 3.86
1.41, 3.23
1.52, 3.97
1.62, 3.18
1.72, 3.04
1.82, 3.11
1.92, 3.37
2.02, 3.42
2.12, 4.00
2.22, 3.67
2.32, 3.34
2.42, 3.78
2.53, 3.84
2.63, 3.32
2.73, 3.53
2.83, 3.81
2.93, 3.31
3.03, 3.65
3.13, 3.03
3.23, 3.26
3.33, 3.15
3.43, 3.07
3.54, 3.58
3.64, 3.59
3.74, 3.97
3.84, 3.55
3.94, 3.06
4.04, 3.09
4.14, 3.11
4.24, 3.58
4.34, 3.22
4.44, 3.91
4.55, 3.02
4.65, 3.74
4.75, 3.42
4.85, 3.19
4.95, 3.97
5.05, 3.01
5.15, 3.96
5.25, 3.48
5.35, 3.20
5.45, 3.17
5.56, 3.27
5.66, 3.29
5.76, 3.94
5.86, 3.84
5.96, 3.47
6.06, 4.00
6.16, 3.75
6.26, 3.56
6.36, 3.71
6.46, 3.36
6.57, 3.23
6.67, 3.66
6.77, 3.34
6.87, 3.01
6.97, 3.84
7.07, 3.84
7.17, 3.24
7.27, 3.42
7.37, 3.73
7.47, 3.26
7.58, 3.60
7.68, 3.20
7.78, 3.36
7.88, 3.75
7.98, 3.97
8.08, 3.56
8.18, 3.30
8.28, 3.86
8.38, 3.55
8.48, 3.77
8.59, 3.60
8.69, 3.64
8.79, 3.31
8.89, 3.64
8.99, 3.88
9.09, 3.72
9.19, 3.19
9.29, 3.02
9.39, 3.71
9.49, 3.92
9.60, 3.02
9.70, 3.85
9.80, 3.78
9.90, 3.88
10.00, 3.06
