#Ballonfahrt Messdaten
#t / min	h / m
0.00;		-
0.00;		-
0.00;		51.02517
1.00;		66.94256
2.00;		46.27874
3.00;		54.43365
4.00;		76.60723
5.00;		47.59943
6.00;		59.01021
7.00;		78.63950
8.00;		71.28725
9.00;		77.55341
10.00;		59.23792
11.00;		59.94073
12.00;		65.86178
13.00;		52.00103
14.00;		63.95842
15.00;		56.93389
16.00;		82.32740
17.00;		55.73888
18.00;		91.56828
19.00;		74.61556
20.00;		91.48065
21.00;		81.36350
22.00;		97.66406
23.00;		101.18228
24.00;		74.31810
25.00;		93.27146
26.00;		71.84232
27.00;		82.03062
28.00;		75.43630
29.00;		90.45932
30.00;		86.29961
31.00;		72.95713
32.00;		88.23182
33.00;		103.72363
34.00;		94.43250
35.00;		98.15838
36.00;		89.30122
37.00;		102.46096
38.00;		103.83755
39.00;		113.23093
40.00;		114.64105
41.00;		121.06786
42.00;		111.91131
43.00;		113.37133
44.00;		105.84788
45.00;		90.14090
46.00;		109.65034
47.00;		109.97615
48.00;		103.51826
49.00;		123.07664
50.00;		128.65121
51.00;		116.04194
52.00;		125.84876
53.00;		105.67163
54.00;		136.51048
55.00;		137.36527
56.00;		142.63593
57.00;		127.12243
58.00;		111.82470
59.00;		126.34268
60.00;		126.07634
61.00;		127.42560
62.00;		157.99043
63.00;		137.57076
64.00;		137.96654
65.00;		153.97771
66.00;		155.40423
67.00;		147.84604
68.00;		167.10309
69.00;		167.97532
70.00;		168.26267
71.00;		144.96510
72.00;		144.28255
73.00;		167.21497
74.00;		172.56230
75.00;		144.52450
76.00;		162.10149
77.00;		162.29324
78.00;		164.09969
79.00;		174.52078
80.00;		172.95646
81.00;		183.00668
82.00;		173.47138
83.00;		159.15052
84.00;		168.44402
85.00;		192.95185
86.00;		173.87395
87.00;		173.01026
88.00;		195.96074
89.00;		206.52532
90.00;		199.10395
91.00;		214.49658
92.00;		213.70316
93.00;		194.52363
94.00;		202.95794
95.00;		187.00603
96.00;		223.46786
97.00;		221.94336
98.00;		228.03248
99.00;		199.73518
100.00;		197.85138
101.00;		234.18106
102.00;		235.92413
103.00;		224.88057
104.00;		231.45030
105.00;		232.63328
106.00;		221.02946
107.00;		252.63877
108.00;		217.06117
109.00;		250.49660
110.00;		259.94501
111.00;		248.60634
112.00;		233.28054
113.00;		256.16757
114.00;		257.86735
115.00;		266.37984
116.00;		263.70499
117.00;		250.44274
118.00;		257.59304
119.00;		281.75583
120.00;		284.33106
121.00;		263.31868
122.00;		276.91864
123.00;		280.13087
124.00;		280.75533
125.00;		281.39196
126.00;		292.84071
127.00;		301.30152
128.00;		302.97434
129.00;		295.85912
130.00;		301.95580
131.00;		307.06433
132.00;		288.38466
133.00;		304.51673
134.00;		309.06048
135.00;		305.21588
136.00;		290.58285
137.00;		297.56134
138.00;		305.95132
139.00;		321.15271
140.00;		334.36546
141.00;		340.18953
142.00;		315.02485
143.00;		329.27138
144.00;		322.52906
145.00;		349.39784
146.00;		339.87766
147.00;		356.76847
148.00;		351.67021
149.00;		334.58284
150.00;		362.10629
151.00;		336.84052
152.00;		372.98547
153.00;		342.34108
154.00;		356.10731
155.00;		363.88409
156.00;		367.07139
157.00;		376.46913
158.00;		371.67727
159.00;		355.09576
160.00;		387.72453
161.00;		398.96354
162.00;		382.21274
163.00;		371.07206
164.00;		374.54146
165.00;		401.42089
166.00;		377.51027
167.00;		380.20958
168.00;		413.71874
169.00;		387.43771
170.00;		408.36643
171.00;		392.50485
172.00;		421.65292
173.00;		428.61058
174.00;		407.17778
175.00;		435.35446
176.00;		447.54057
177.00;		427.33605
178.00;		447.94086
179.00;		438.75494
180.00;		449.57824
181.00;		453.41069
182.00;		448.25226
183.00;		440.10287
184.00;		469.36249
185.00;		448.83106
186.00;		454.50851
187.00;		471.59481
188.00;		468.48989
189.00;		471.59370
190.00;		470.30619
191.00;		480.22730
192.00;		469.15699
193.00;		501.49519
194.00;		495.04185
195.00;		502.99692
196.00;		497.76035
197.00;		482.53208
198.00;		499.11206
199.00;		504.90023
200.00;		519.09654
201.00;		495.30093
202.00;		500.91336
203.00;		534.53377
204.00;		527.16210
205.00;		521.99831
206.00;		526.64233
207.00;		531.49412
208.00;		524.75361
209.00;		532.22076
210.00;		556.09552
211.00;		534.37782
212.00;		549.86762
213.00;		549.76486
214.00;		570.66949
215.00;		542.98145
216.00;		574.10069
217.00;		572.42716
218.00;		574.56080
219.00;		573.30156
220.00;		583.44939
221.00;		561.20422
222.00;		577.36602
223.00;		582.73471
224.00;		606.11026
225.00;		585.69260
226.00;		602.48169
227.00;		613.87746
228.00;		607.07987
229.00;		613.68886
230.00;		600.90438
231.00;		595.72637
232.00;		632.75478
233.00;		636.78956
234.00;		636.23065
235.00;		650.27800
236.00;		650.33156
237.00;		636.19126
238.00;		652.85706
239.00;		644.12891
240.00;		668.60675
241.00;		661.89052
242.00;		638.18018
243.00;		670.87566
244.00;		657.17692
245.00;		670.28390
246.00;		679.99654
247.00;		681.91481
248.00;		697.63863
249.00;		697.16795
250.00;		677.10273
251.00;		704.24291
252.00;		674.98843
253.00;		710.53925
254.00;		715.29530
255.00;		702.85653
256.00;		706.22290
257.00;		710.19434
258.00;		715.17080
259.00;		724.55223
260.00;		723.73858
261.00;		729.52979
262.00;		732.52580
263.00;		735.72657
264.00;		739.33204
265.00;		755.54215
266.00;		744.35686
267.00;		748.17610
268.00;		742.39983
269.00;		776.82799
270.00;		750.06053
271.00;		758.69739
272.00;		778.13853
273.00;		772.98387
274.00;		763.63338
275.00;		783.68700
276.00;		773.34467
277.00;		779.80635
278.00;		776.87197
279.00;		795.34148
280.00;		805.61484
281.00;		789.69198
282.00;		789.17285
283.00;		792.65740
284.00;		817.74558
285.00;		812.43732
286.00;		843.13259
287.00;		811.63132
288.00;		848.13345
289.00;		846.63895
290.00;		847.14774
291.00;		847.85978
292.00;		858.17502
293.00;		866.09340
294.00;		851.41487
295.00;		877.33937
296.00;		881.66685
297.00;		854.19725
298.00;		873.73053
299.00;		855.66662
300.00;		888.80549
301.00;		876.94706
302.00;		894.89128
303.00;		896.63812
304.00;		885.38750
305.00;		900.93937
306.00;		894.69369
307.00;		899.45040
308.00;		901.60944
309.00;		900.77077
310.00;		917.73432
311.00;		911.30004
312.00;		915.06788
313.00;		947.83779
314.00;		922.60971
315.00;		928.18359
316.00;		932.75937
317.00;		945.13701
318.00;		963.51644
319.00;		935.69761
320.00;		960.88048
321.00;		979.26498
322.00;		979.25106
323.00;		988.63867
324.00;		993.22776
325.00;		982.81826
326.00;		979.41013
327.00;		995.80332
328.00;		1009.39776
329.00;		997.99341
330.00;		983.39022
331.00;		984.18812
332.00;		1017.18706
333.00;		999.38700
334.00;		1031.38787
335.00;		1026.58963
336.00;		1020.19222
337.00;		1010.19558
338.00;		1041.79966
339.00;		1037.80441
340.00;		1039.80978
341.00;		1031.21570
342.00;		1052.82214
343.00;		1054.62902
344.00;		1052.63631
345.00;		1038.24394
346.00;		1061.45187
347.00;		1069.46003
348.00;		1078.06837
349.00;		1057.67685
350.00;		1067.08540
351.00;		1083.09398
352.00;		1098.30253
353.00;		1095.31099
354.00;		1097.91931
355.00;		1096.52744
356.00;		1109.53533
357.00;		1118.74292
358.00;		1093.35015
359.00;		1122.35698
360.00;		1107.16334
361.00;		1109.76919
362.00;		1134.57448
363.00;		1115.57914
364.00;		1132.18312
365.00;		1154.78638
366.00;		1134.98885
367.00;		1152.39049
368.00;		1154.59123
369.00;		1139.39103
370.00;		1146.58983
371.00;		1156.98758
372.00;		1185.38423
373.00;		1175.17971
374.00;		1177.37399
375.00;		1197.16699
376.00;		1186.55867
377.00;		1173.14898
378.00;		1174.33786
379.00;		1205.92526
380.00;		1204.71113
381.00;		1193.29540
382.00;		1217.27803
383.00;		1194.65897
384.00;		1213.63815
385.00;		1227.41553
386.00;		1206.59105
387.00;		1233.36465
388.00;		1238.53630
389.00;		1248.90592
390.00;		1238.87347
391.00;		1244.83889
392.00;		1260.80213
393.00;		1247.96314
394.00;		1269.12185
395.00;		1259.87823
396.00;		1272.83221
397.00;		1249.18374
398.00;		1274.13277
399.00;		1278.87924
400.00;		1261.62310
401.00;		1262.76429
402.00;		1268.50277
403.00;		1283.23847
404.00;		1288.77135
405.00;		1276.50135
406.00;		1284.42841
407.00;		1291.95249
408.00;		1301.87353
409.00;		1297.59147
410.00;		1329.90626
411.00;		1334.61785
412.00;		1310.32619
413.00;		1311.43121
414.00;		1349.73288
415.00;		1345.83112
416.00;		1347.52589
417.00;		1341.61714
418.00;		1343.30481
419.00;		1341.58885
420.00;		1366.26921
421.00;		1371.54582
422.00;		1348.61864
423.00;		1362.08761
424.00;		1362.75268
425.00;		1354.41380
426.00;		1376.07090
427.00;		1392.92395
428.00;		1396.17288
429.00;		1391.81764
430.00;		1392.25818
431.00;		1405.89443
432.00;		1417.12636
433.00;		1404.75390
434.00;		1409.97701
435.00;		1430.19562
436.00;		1430.80969
437.00;		1410.21915
438.00;		1439.62397
439.00;		1412.02407
440.00;		1436.01942
441.00;		1436.00994
442.00;		1455.99560
443.00;		1441.17634
444.00;		1449.95211
445.00;		1455.32284
446.00;		1463.08849
447.00;		1440.04900
448.00;		1467.20432
449.00;		1482.15439
450.00;		1480.69917
451.00;		1485.83859
452.00;		1458.57261
453.00;		1481.50117
454.00;		1502.42421
455.00;		1485.54169
456.00;		1498.85355
457.00;		1511.95973
458.00;		1495.66018
459.00;		1483.35485
460.00;		1521.84368
461.00;		1528.92663
462.00;		1515.60363
463.00;		1529.27463
464.00;		1538.93958
465.00;		1523.19843
466.00;		1515.25111
467.00;		1530.29759
468.00;		1515.93780
469.00;		1526.77169
470.00;		1525.79920
471.00;		1537.62029
472.00;		1560.63490
473.00;		1541.64297
474.00;		1544.84445
475.00;		1557.43929
476.00;		1564.42743
477.00;		1580.20883
478.00;		1559.98342
479.00;		1555.55115
480.00;		1562.71197
481.00;		1601.66583
482.00;		1597.21266
483.00;		1600.35243
484.00;		1580.08507
485.00;		1586.81052
486.00;		1580.92875
487.00;		1600.63968
488.00;		1589.74328
489.00;		1596.03948
490.00;		1622.32823
491.00;		1604.80948
492.00;		1637.08317
493.00;		1630.74925
494.00;		1613.00767
495.00;		1640.05837
496.00;		1626.90130
497.00;		1637.73641
498.00;		1655.96363
499.00;		1652.18293
500.00;		1656.99423
501.00;		1642.79750
502.00;		1639.59267
503.00;		1640.37970
504.00;		1649.15852
505.00;		1669.72909
506.00;		1650.29135
507.00;		1665.64524
508.00;		1688.79072
509.00;		1674.72773
510.00;		1670.05622
511.00;		1681.37612
512.00;		1699.88740
513.00;		1673.58999
514.00;		1701.88385
515.00;		1710.96890
516.00;		1708.04512
517.00;		1693.91243
518.00;		1703.37079
519.00;		1728.02014
520.00;		1718.46043
521.00;		1719.29160
522.00;		1737.31361
523.00;		1740.72639
524.00;		1737.92990
525.00;		1713.12407
526.00;		1733.90887
527.00;		1733.48422
528.00;		1726.65008
529.00;		1749.40640
530.00;		1747.15312
531.00;		1759.69018
532.00;		1736.81754
533.00;		1759.53514
534.00;		1774.24292
535.00;		1757.34084
536.00;		1782.02884
537.00;		1780.50685
538.00;		1785.97484
539.00;		1786.03275
540.00;		1789.08052
541.00;		1800.71810
542.00;		1771.94544
543.00;		1792.76248
544.00;		1798.56917
545.00;		1774.76545
546.00;		1792.95127
547.00;		1815.12658
548.00;		1795.49132
549.00;		1803.84544
550.00;		1824.38889
551.00;		1803.12161
552.00;		1799.64355
553.00;		1822.95465
554.00;		1827.65487
555.00;		1819.14414
556.00;		1809.62241
557.00;		1813.48964
558.00;		1832.34576
559.00;		1848.39072
560.00;		1835.82447
561.00;		1859.24695
562.00;		1855.85812
563.00;		1849.25791
564.00;		1865.24628
565.00;		1833.02316
566.00;		1863.58851
567.00;		1867.54228
568.00;		1878.28440
569.00;		1849.01482
570.00;		1880.13350
571.00;		1856.04037
572.00;		1859.33539
573.00;		1884.21850
574.00;		1871.48964
575.00;		1865.74876
576.00;		1899.99581
577.00;		1865.03074
578.00;		1866.05349
579.00;		1885.06400
580.00;		1896.46223
581.00;		1897.44811
582.00;		1899.82161
583.00;		1904.78265
584.00;		1912.13119
585.00;		1915.06718
586.00;		1913.59056
587.00;		1905.70127
588.00;		1892.59927
589.00;		1901.68450
590.00;		1920.15690
591.00;		1933.81642
592.00;		1907.86302
593.00;		1906.49662
594.00;		1925.71719
595.00;		1918.72466
596.00;		1912.11899
597.00;		1931.70012
598.00;		1915.86799
599.00;		1956.42256
600.00;		1947.56376
601.00;		1949.29154
602.00;		1935.80586
603.00;		1952.30666
604.00;		1947.39387
605.00;		1941.66746
606.00;		1941.72736
607.00;		1958.37352
608.00;		1943.80590
609.00;		1949.22442
610.00;		1956.62905
611.00;		1963.41972
612.00;		1982.19639
613.00;		1969.95899
614.00;		1983.50748
615.00;		1987.84181
616.00;		1975.76191
617.00;		1962.86773
618.00;		1973.95923
619.00;		1974.83634
620.00;		1970.89902
621.00;		1997.14720
622.00;		1979.98084
623.00;		1994.19988
624.00;		1990.40427
625.00;		2006.79396
626.00;		1991.16888
627.00;		1985.92899
628.00;		2003.87424
629.00;		2014.40456
630.00;		1998.51991
631.00;		2019.62023
632.00;		1991.50547
633.00;		2000.97557
634.00;		2024.03048
635.00;		2033.07015
636.00;		2029.09452
637.00;		2015.10354
638.00;		2018.09716
639.00;		2006.47532
640.00;		2034.43797
641.00;		2007.98505
642.00;		2040.71651
643.00;		2038.23229
644.00;		2034.53235
645.00;		2048.61663
646.00;		2029.08508
647.00;		2029.93763
648.00;		2022.57425
649.00;		2036.59487
650.00;		2043.39944
651.00;		2042.98790
652.00;		2050.76021
653.00;		2050.71631
654.00;		2027.45614
655.00;		2047.77965
656.00;		2062.28679
657.00;		2069.77751
658.00;		2037.05174
659.00;		2053.50945
660.00;		2047.95056
661.00;		2036.57504
662.00;		2045.78282
663.00;		2075.57385
664.00;		2042.14808
665.00;		2062.30545
666.00;		2066.64591
667.00;		2063.56941
668.00;		2071.87589
669.00;		2086.16530
670.00;		2058.03759
671.00;		2060.89270
672.00;		2082.33057
673.00;		2068.15116
674.00;		2067.55441
675.00;		2080.34027
676.00;		2063.90868
677.00;		2086.65959
678.00;		2078.19294
679.00;		2093.90868
680.00;		2060.00677
681.00;		2082.88713
682.00;		2083.74973
683.00;		2078.59450
684.00;		2087.22140
685.00;		2079.63036
686.00;		2093.22134
687.00;		2106.59428
688.00;		2097.34913
689.00;		2083.68583
690.00;		2108.20433
691.00;		2108.30458
692.00;		2085.18652
693.00;		2112.05010
694.00;		2111.89527
695.00;		2092.72196
696.00;		2089.73014
697.00;		2094.31974
698.00;		2116.09070
699.00;		2088.64299
700.00;		2097.97654
701.00;		2111.89129
702.00;		2096.78720
703.00;		2097.86421
704.00;		2106.92227
705.00;		2108.96133
706.00;		2087.18132
707.00;		2119.98220
708.00;		2105.16391
709.00;		2119.32640
710.00;		2118.06962
711.00;		2098.39351
712.00;		2118.89801
713.00;		2114.38308
714.00;		2098.84866
715.00;		2115.69469
716.00;		2119.52113
717.00;		2125.32792
718.00;		2124.71500
719.00;		2113.28232
720.00;		2106.22983